,python,java,javascript,typescript,go_lang,rust,c_plus_plus,c_lang,c_sharp,ruby,kotlin,swift,scala,php,r_lang,sql,bash,perl,elixir,objective_c,react,angular,vue,nextjs,nuxt,svelte,ember,jquery,nodejs,express,django,flask,fastapi,spring,dot_net,rails,laravel,graphql,rest_api,aws,azure,gcp,cloudflare,heroku,digital_ocean,kubernetes,docker,terraform,ansible,helm,argocd,puppet,chef,jenkins,github_actions,circleci,gitlab_ci,buildkite,travis_ci,postgresql,mysql,mongodb,redis,cassandra,dynamodb,snowflake,bigquery,oracle_db,sqlite,sql_server,kafka,spark,airflow,dbt,databricks,elasticsearch,flink,hadoop,beam,tensorflow,pytorch,scikit_learn,pandas,numpy,jupyter,mlflow,xgboost,keras,langchain,llamaindex,rag,vector_database,pinecone,weaviate,chroma,hugging_face,openai_api,claude_api,anthropic,gemini,prompt_engineering,fine_tuning,mcp,llm,ai_agent,copilot,cursor_tool,chatgpt,claude_tool,codex,tabnine,gpt_model,jest,pytest,selenium,cypress,playwright,junit,mocha,datadog,new_relic,pagerduty,grafana,prometheus,splunk,sentry,agile,scrum,tdd,bdd,ddd,microservices,ci_cd,event_driven,serverless
python,1.0,0.09294765,-0.009690096,0.020281332,0.16224484,0.090330265,0.16777776,0.08853261,-0.023919262,0.082083315,-0.051926203,-0.047799036,0.1270676,0.00919768,0.080338314,0.096671805,0.23058707,0.09540651,-0.0012798012,-0.033270404,-0.02749878,-0.073355824,0.0068138205,-0.01930489,-0.008163147,0.0025222811,0.0038762835,-0.07179328,0.019398918,-0.005213565,0.1345215,0.12517065,0.14794621,-0.10057949,-0.10286847,-0.016063638,-0.018150514,-0.015345181,-0.044975426,0.22299848,0.12511347,0.17842154,-0.0014422659,-0.005042641,0.00978781,0.17682403,0.18128908,0.17800686,0.14538462,0.06726627,0.06146273,0.06697044,0.059758343,0.07794201,0.07435311,0.032662988,0.11296295,0.016522314,0.016837277,0.08897934,0.046380945,0.025288122,0.04966484,0.022005584,0.040179253,0.13862278,0.090821214,-0.027519606,-0.0066391225,-0.05524358,0.06498398,0.18005407,0.16465704,0.09592539,0.12615797,0.074221686,0.054509427,0.10513415,0.025737008,0.15701178,0.17204376,0.11384204,0.12895994,0.10942863,0.05833446,0.07653278,0.038798735,0.047280878,0.13619095,0.07635207,0.15630552,0.043122545,0.06938225,0.05074712,0.034496758,0.08928073,0.027304793,0.009793035,0.051282164,0.04042904,0.120075054,0.09629203,0.07887092,0.20712475,0.1443718,0.030803114,0.030994143,0.018873256,0.026923629,0.022394357,-0.005514801,0.020567501,-0.04540782,0.079761826,0.0009785714,-0.007617915,-0.007524697,-0.033177804,-0.013088905,0.072255574,0.02855204,0.0072118463,0.11019014,0.10778611,0.042831376,0.004057988,-0.018701602,-0.03474994,-0.04038059,-0.015784413,-0.028567487,-0.005142982,0.14866024,0.024858406,0.044637013
java,0.09294765,1.0,0.17505388,0.03055083,0.09663626,0.03119363,0.07385498,0.019718777,0.07086912,0.05628828,0.14057162,0.028252605,0.17243116,0.027372107,0.007619766,0.13853255,-0.009799041,0.06057708,-0.0112428935,0.038177777,0.091369204,0.19640377,0.04642746,-0.035271395,0.0045351237,-0.00782206,0.017428398,0.035568535,0.07238569,0.0053651826,-0.02677358,-0.017143412,-0.042192414,0.4553708,-0.026073202,-0.011866404,-0.008935061,0.030899376,0.16955522,0.15878063,0.05036194,0.09660192,-0.01499343,0.002749943,-0.009244159,0.14045799,0.14407855,-0.0063230735,-0.0003834639,0.022087416,-0.009450245,0.008536677,0.02248223,0.1834649,0.009135885,0.019048676,0.05014491,-0.0056333994,0.020024039,0.08635243,0.11867628,0.14084505,0.06532252,0.12034717,0.069332615,0.0009939771,0.020094771,0.067191646,0.006563288,0.017057652,0.21780199,0.06978708,-0.008904858,-0.040453114,-0.031894155,0.074806675,0.069246404,0.089190155,0.015911171,-0.017083006,-0.033758383,-0.009806432,-0.022093847,-0.01655287,0.014082758,-0.010779665,-0.0056479727,0.00097098865,-0.017877521,-0.008200651,-0.040142585,-0.012084326,-0.016642397,-0.0078994995,-0.017261174,-0.02227793,-0.011621501,-0.011459396,-0.02013856,0.00029959396,0.0017252186,-0.031354137,-0.008057065,-0.03407486,-0.03433744,0.040475264,0.010065047,0.01181769,0.0036945161,-0.008988556,-0.0064382628,-0.023531888,0.009197204,-8.510728e-05,0.13030376,0.03916735,0.03032093,0.21305408,0.01098141,0.022989297,0.018525604,-0.003880748,0.025507824,0.015045886,0.067256436,-0.020451812,0.19915311,0.1069826,0.116126835,0.103238605,0.029493824,0.2765236,0.13865776,0.10198235,0.027118089
javascript,-0.009690096,0.17505388,1.0,0.34550297,0.041851524,0.0040687253,-0.06704753,-0.037267808,0.16458638,0.08653201,0.013019993,0.01724016,-0.03115945,0.14394724,-0.004708516,0.12929524,-0.04584618,-5.280408e-05,0.0113125155,0.023128755,0.4976848,0.3270518,0.24550606,0.24870062,0.042570204,0.05950963,0.06898629,0.21933569,0.4444273,0.09138231,0.06628318,0.04576249,0.03407474,0.12258185,0.16761123,0.06091889,0.065946765,0.14972787,0.21083653,0.09554477,0.050062355,0.026730428,0.027707763,0.0281627,0.01800226,0.031305768,0.10648772,-0.036546275,-0.04192314,-0.01431321,-0.027052145,-0.022803813,-0.0023892678,0.060039986,0.024029614,0.020811846,0.028500455,-0.007409351,0.0033827643,0.1439175,0.13060436,0.11936044,0.05891971,0.0047064107,0.056352906,-0.06116476,-0.02062938,0.016831337,0.022378301,0.11343426,0.0007359822,-0.074464165,-0.061888304,-0.047546122,-0.066382304,0.033185035,-0.03462966,-0.036816534,-0.015922867,-0.056686822,-0.07198325,-0.034007713,-0.024974426,-0.02708949,-0.0017621416,-0.033674087,-0.01946925,-0.021022875,-0.0019780898,-0.0017331829,-0.020122588,-0.008485913,-0.0009359772,0.0053104586,-0.0024449374,-0.022187335,0.004024522,0.013934099,0.020785537,0.01813391,0.013788011,-0.026290907,0.0014826042,0.0018575158,0.005741148,0.056725606,0.05749505,0.0040061055,0.051383507,0.021467956,0.01517424,0.0015132002,0.16151252,0.01720647,0.0561509,0.12196228,0.09229184,0.07584457,0.08686562,0.002005203,0.025599461,0.007460984,-0.02964265,-0.036713034,0.0002830219,0.016743507,0.16594191,0.11327085,0.08436789,0.026276447,0.032178372,0.119728595,0.09687974,0.048077002,0.07225156
typescript,0.020281332,0.03055083,0.34550297,1.0,0.075555176,0.042200457,-0.064584136,-0.026732177,0.021020142,0.039822318,0.021682557,0.022783592,-0.0397878,-0.00028976906,-0.011740482,-0.016101187,-0.007636291,-0.0068566334,0.015171763,0.003810166,0.3643989,0.1534432,0.10594567,0.21109746,0.014333575,0.046250854,0.014073122,-0.0012777596,0.2706871,0.06466166,0.035979178,0.025339274,0.061192576,0.021311902,0.008849025,0.036893535,0.0041175075,0.1668792,0.09827361,0.10106246,-0.012222677,0.015629737,0.045447096,0.020033773,0.0021125986,0.066777185,0.10283045,0.018466251,-0.0065380116,0.021287944,0.0064480407,0.0031110053,-0.015838997,0.009646662,0.034513645,0.017223494,0.05747788,0.014333904,-0.0073746815,0.1582811,0.042949103,0.058661293,0.06820935,-0.0120421965,0.04914629,-0.042680006,-0.02504269,-0.008106169,0.010790257,-0.014337651,0.0055225906,-0.054065216,-0.033024076,-0.034165006,-0.05657885,0.060748342,-0.02278928,-0.012741447,-0.0053349887,-0.043227457,-0.05428921,-0.026642608,-0.002089816,-0.00843037,0.016719522,-0.028193804,-0.011741005,-0.009698216,0.01961726,0.009744427,0.017423412,-0.00583398,0.006562197,0.0086866245,-0.004057794,-0.0072665885,0.008634034,0.023579005,0.045249175,0.015559638,0.033977065,-0.015078673,0.026213264,0.052732836,0.06265203,0.04055229,0.07332547,0.009100685,0.06940406,0.041402884,0.0046410477,0.008185894,0.15146326,0.014250625,0.0053746277,0.10625135,0.09888682,0.018185783,0.03539735,0.009048218,0.0036821766,0.0036177773,-0.005375979,-0.0033189568,-0.00722761,0.037447605,0.054221965,0.028013134,0.021098785,-0.0020373454,0.019559711,0.05128475,0.06345393,0.067802556,0.055302355
go_lang,0.16224484,0.09663626,0.041851524,0.075555176,1.0,0.19338536,0.06547938,0.036869556,-0.002789761,0.08217117,0.016427835,0.0070178085,0.049019568,0.0069128517,-0.016856303,-0.045449235,0.06512978,0.0018037681,0.024986953,-0.0054635974,0.041913155,-0.03186635,0.0075751985,0.024198929,-0.0037410648,0.003427509,0.0068254177,-0.031140186,0.060572788,0.027443651,0.0098453965,-0.0025853051,0.0002793206,-0.03962991,-0.038766496,0.030298922,-0.007327212,0.027028915,-0.02310604,0.10782413,0.029077457,0.12596884,0.061101742,0.005986616,0.0066437265,0.20397148,0.11554503,0.11506372,0.060297277,0.08227102,0.09589291,0.034961715,0.043853436,0.008077661,0.04726155,0.049332216,0.029420605,0.03210365,0.00441336,0.07325262,0.038935527,0.013214326,0.07674328,0.018895103,0.02611023,-0.008835292,0.010192208,-0.0069131097,-0.0056251665,-0.048535325,0.059374843,0.020420479,0.015221315,-0.0021616057,-0.026440455,0.05764391,0.054806944,0.011170129,0.012848337,-0.0052903565,9.436951e-05,-0.008984934,-0.008983186,-0.012266673,-0.0017750973,0.006705338,0.005284393,-0.0075872215,0.010487372,0.018172765,0.011914786,0.023003466,0.0074131633,0.01236339,0.011608393,0.0048410897,0.009059208,-0.0054319156,0.025075614,0.008859837,0.0075177597,0.017758692,0.01411026,0.048797946,0.05617563,0.0059335893,0.03486148,0.006374149,0.022505952,0.007226112,-0.0042467047,0.010400862,-0.018905655,-0.0019542854,-0.024602853,-0.0043142685,0.0010997218,-0.026701352,0.0059482222,0.087905996,0.021296427,0.024057131,0.10964454,0.12022298,0.0134505145,0.017963948,-0.03627632,-0.030791324,-0.0066976487,-0.014870004,0.010720837,0.05860554,0.039636593,0.03475335,0.011808521
rust,0.090330265,0.03119363,0.0040687253,0.042200457,0.19338536,1.0,0.19964384,0.13579027,-0.0077200276,0.008264886,0.01746769,0.008347122,0.0059315558,-0.008097418,-0.00843908,-0.052634552,-0.0013284832,-0.0022554775,0.01962421,-0.005271214,0.009461135,-0.034878314,-0.00012216569,-0.0052370145,0.0003582055,0.015481401,-0.006843991,-0.021648865,0.007455915,-0.004115233,-0.014811225,-0.008939308,-0.0017071258,-0.038832683,-0.04085972,-0.0009619329,-0.0067009893,0.010759053,-0.038141966,-0.011404747,-0.024450567,0.007990388,0.095388435,0.0007851861,0.009017925,0.06564614,0.0354964,0.0060132616,0.004676754,0.022625249,0.021596003,-0.0035693806,-0.0054178336,-0.020025937,0.014412515,0.0071039298,0.012178263,0.013921236,-0.0020624092,0.02751303,-0.0011331309,0.0016407208,0.033821482,0.0059193084,-0.0072601456,-0.0055098534,-0.0066270865,-0.0114089465,-0.00015266865,-0.033736672,0.020299023,0.0071381507,0.0011692519,-0.0062674023,-0.013556705,0.010254634,0.03590097,-0.0099975085,0.010870243,-0.0011467142,0.0108900685,-0.0023801702,-0.0035777928,-0.007441348,0.0032882742,0.0027468207,-0.0066530057,-0.0010949968,0.0048932433,0.015326785,0.01850325,0.05161777,0.015780017,0.011419246,0.043728877,0.022350004,-0.0057828384,-0.0040562716,0.022582391,-0.0022437028,0.0034448633,0.013265575,0.003910906,0.044563603,0.01040299,-0.0047744834,0.01070493,0.00049095036,0.02113396,0.020035304,-0.0017559957,0.023575231,-0.0120618455,-0.0024762165,-0.023709442,-0.0122357225,-0.007900479,-0.023917403,-0.006880194,0.0059060114,-0.0056946008,-1.7816103e-05,0.03352696,0.025707318,-0.011427979,0.02700889,-0.03946589,-0.027777983,-0.009676117,-0.011179761,-0.010489453,-0.013742009,0.003343701,0.0044369046,0.0041712807
c_plus_plus,0.16777776,0.07385498,-0.06704753,-0.064584136,0.06547938,0.19964384,1.0,0.49423677,0.11681054,0.010481352,-0.01589224,0.008140076,0.00047129518,-0.006054443,0.0025938812,-0.12873206,0.0063843047,0.09065632,-0.0074463584,0.031525623,-0.10715654,-0.0822277,-0.036166783,-0.055305693,-0.008589594,-0.013221857,0.0026333742,-0.036462594,-0.06957407,0.0019437068,-0.033344805,-0.027016152,-0.0410353,-0.0883504,-0.051661503,-0.026039703,-0.021547884,-0.05137921,-0.10549385,-0.14797346,-0.10481251,-0.065445244,0.005062003,-0.013231278,-0.00521132,-0.05425254,-0.032198664,-0.093415074,-0.037228107,-0.023668755,-0.031402484,-0.014859299,-0.021318922,-0.033656456,-0.058958046,-0.0023491746,0.0026072946,-0.0013743516,0.004649707,-0.05655693,-0.034416646,-0.036782537,-0.022293283,-0.00030464111,-0.04411518,-0.0587417,-0.036434203,-0.023088152,-0.00029038152,-0.0615566,-0.05945742,-0.042398434,-0.048250314,-0.046831585,-0.05521237,-0.024823723,-0.0017936799,-0.013144199,0.0028726996,0.052906778,0.063436024,-0.0053724437,-0.013214499,0.0023077172,-0.0064587276,-0.00223333,-0.0027509583,0.012101117,-0.046412658,-0.016653836,-0.05762486,3.33164e-05,-0.02634763,-0.020688852,0.0048691626,-0.0065877778,-0.008784931,-0.010320455,-0.03395098,-0.02296637,-0.050181836,-0.015894037,-0.038607847,-0.05506348,-0.073090985,-0.032055184,-0.028372824,-0.016653836,-0.025451612,-0.01717333,0.00040776827,-0.013453557,-0.043611225,-0.0019235201,-0.0440804,-0.03620996,-0.04293279,-0.041247167,-0.01429614,-0.045691397,-0.025856921,-0.012427548,-0.036681473,-0.041121647,-0.041040346,-0.016236305,-0.028202398,-0.015129669,-0.014864414,-0.020528385,-0.02072618,-0.088476226,-0.08627695,-0.052105956,-0.05604137
c_lang,0.08853261,0.019718777,-0.037267808,-0.026732177,0.036869556,0.13579027,0.49423677,1.0,0.04807061,0.0156114325,0.026737768,0.10636342,-0.017878687,0.0006929998,0.005812827,-0.0959297,0.023579728,0.05583663,0.0058494504,0.19661911,-0.06289228,-0.056844268,-0.030722782,-0.03393551,-0.0064489394,-0.011735037,-0.0057669105,-0.018078402,-0.041175768,0.012783818,-0.02453147,-0.020696884,-0.024793662,-0.044591222,-0.04140458,-0.0122130215,-0.014175338,-0.028351516,-0.06770644,-0.11663851,-0.08856409,-0.07224538,0.015758397,-0.005359773,-0.0034298736,-0.05216912,-0.03979292,-0.059549272,-0.01849412,-0.019804692,-0.016189052,-0.008499509,-0.012868948,-0.019258728,-0.03691481,-0.013790533,0.012215543,-0.001950667,-0.0044455635,-0.031650428,-0.023253411,-0.03227418,-0.028758356,-0.021081133,-0.02904858,-0.044109505,-0.030075004,-0.014974264,0.0136834765,-0.0408963,-0.045400344,-0.03813733,-0.035579216,-0.029282792,-0.03754096,-0.016762095,-0.009713854,-0.010957541,0.00086385227,0.004836869,-0.001125494,-0.014787997,-0.014685269,-0.010568407,0.004400084,-0.015602847,-0.009563902,0.008423924,-0.033623777,-0.012453494,-0.046508323,-0.011273321,-0.01873816,-0.012707061,-0.00801453,-0.018690962,-0.00876888,-0.0061134147,-0.014645327,-0.008722059,-0.036530007,-0.021707272,-0.023683375,-0.04599055,-0.048888847,0.0016077756,-0.020468017,0.0014073681,-0.01830022,-0.006217759,-0.0036979227,-0.0077689528,-0.020388722,-0.00013272767,-0.027074443,-0.017320074,-0.024547132,-0.021472525,-0.0024769127,-0.02258714,-0.01449176,-0.0067862244,-0.019237688,-0.020564573,-0.022428464,-0.0075998455,-0.0120175965,-2.5479012e-06,-0.018155187,-0.0029090915,-0.009016453,-0.07011237,-0.04619887,-0.031967085,-0.03848648
c_sharp,-0.023919262,0.07086912,0.16458638,0.021020142,-0.002789761,-0.0077200276,0.11681054,0.04807061,1.0,0.021010809,-0.0091021145,0.007839142,-0.005688381,0.030509397,-0.00041134882,0.215848,-0.028290179,0.019358538,-0.00935774,0.0053219427,0.07047666,0.16906244,0.05354431,-0.019862862,0.0028508187,-2.3893073e-05,0.022749826,0.12961014,0.0035954744,-0.016557593,-0.02633468,-0.018996038,-0.03369916,-0.05981207,0.5833016,-0.014303344,-0.0076719234,-0.00074378133,0.070982695,-0.03315728,0.14383884,-0.036220133,-0.013212319,0.0029954496,-0.00035828294,-0.021437656,0.0049805143,-0.047044918,-0.036415827,-0.024212644,-0.019990357,-0.0073662484,-0.0016473152,-0.0110773295,-0.004766089,-0.0040297545,-0.016757179,-0.007176727,0.0096700955,-0.0023186426,0.015516675,0.011037776,-0.007360116,-0.014733931,-0.0075508775,-0.043681826,-0.030478152,0.007096807,0.030134264,0.3021035,-0.02233594,-0.05035081,-0.04936363,-0.03452482,-0.0369509,-0.009043449,-0.016005099,-0.029279776,-0.009591825,-0.034004945,-0.04217501,-0.023348605,-0.027889052,-0.025202358,-0.008720961,-0.016545322,-0.012633857,-0.005129989,-0.029788207,-0.015784627,-0.036464166,-0.014604171,-0.018980142,-0.013892783,-0.010918443,-0.015663069,-0.00039527594,-0.0037704837,-0.021545699,-0.0053850836,-0.017740067,-0.033496015,-0.016817562,-0.05056545,-0.04371059,0.03555112,-0.00022451323,-0.005062083,-0.0020807497,-0.003797992,0.024161734,-0.009180031,-0.013505581,-0.010423355,0.0423357,0.009659256,-0.007077039,-0.007415967,-0.005973008,-0.019183513,0.00037858434,-0.010840087,-0.028483853,-0.03278925,-0.014054254,-0.012817733,0.11862893,0.09790161,0.05020277,0.03359767,0.04617759,0.045724906,0.023592247,0.022201627,0.036935866
ruby,0.082083315,0.05628828,0.08653201,0.039822318,0.08217117,0.008264886,0.010481352,0.0156114325,0.021010809,1.0,0.0028937203,0.014619972,0.017260157,0.09396918,0.0029447277,-0.002239302,0.09682894,0.13595538,0.034142766,0.032780398,0.050077457,0.02489596,0.042982057,0.009305625,0.0105970455,-0.0042605055,0.026131753,0.0064810957,0.050226398,0.02130612,0.043456417,0.012307689,-0.01727868,-0.0029540749,0.0016423896,0.5187721,0.01690824,0.042087115,0.003406242,0.06324289,0.0033114413,0.030911958,0.01633985,0.05056938,0.010013408,0.05965574,0.059197817,0.053905558,0.08360956,0.017197859,0.0098726405,0.09960156,0.13423835,0.048847098,0.0055179102,0.07745864,0.03110702,0.01908118,0.035239223,0.06391833,0.07079485,0.03804241,0.02732375,0.0045203045,-0.0011732416,-0.011681049,0.0014378182,-0.005995502,0.008792384,-0.015535037,0.0034518708,-0.017459156,-0.011756614,-0.012063164,-0.019146327,0.031756636,-0.0046882113,0.024183525,-0.009943805,-0.010441825,-0.01853097,-0.012530787,-0.004453389,-0.002087287,0.0046939207,-0.013205805,-0.00013912181,-0.007595733,-0.013346128,-0.012031293,-0.021213472,-0.008757052,-0.007702128,-0.0009722424,-0.006644423,-0.008456007,-0.005409641,-0.003794499,0.0016520267,0.011393225,-0.009285871,-0.0075251586,-0.006175441,-0.015101262,-0.009157398,2.4074081e-05,0.015124372,-0.004128465,0.007850059,0.0007101249,-0.0016426719,-0.0073539927,-0.002866856,-0.0009673337,0.015591105,0.017048424,0.0051089134,0.0011360062,0.00059787056,0.030749908,0.056514982,0.017033884,0.022078156,0.02459526,0.025257932,0.013529665,0.028453004,0.011453644,0.026027802,0.016961018,0.0055406117,-0.00914804,0.033504423,0.0025834397,-0.006433648
kotlin,-0.051926203,0.14057162,0.013019993,0.021682557,0.016427835,0.01746769,-0.01589224,0.026737768,-0.0091021145,0.0028937203,1.0,0.3145246,0.023202825,-0.008190002,-0.011730711,-0.057390824,-0.03715526,-0.017883329,0.007940939,0.16031496,0.055440463,-0.025097242,0.0061414964,-0.0037979102,0.004861952,-0.0023939465,-0.0013254543,-0.02171844,0.0039457907,-0.00586149,-0.016650848,-0.012039672,-0.014722082,0.01232254,-0.024406068,0.014291729,-0.0024442342,0.05773809,0.044450194,-0.011506965,-0.042843968,-0.006077359,-0.0017302028,0.007302382,-0.0031339338,-0.015802875,-0.022737682,-0.026628263,-0.032724716,-0.017091827,-0.008454999,-0.015857356,-0.011638431,-0.008972829,0.005755098,0.009782575,-0.0114455,0.020403778,-0.005524582,0.011026259,-0.0045025223,-0.007138791,0.008045889,0.0017976945,0.007542527,-0.021006266,0.001243117,-0.011455571,0.05945195,-0.029772656,0.010901254,-0.020951081,-0.013001751,-0.017649047,-0.026883861,-0.003949997,0.0026151473,-0.017114494,0.0018490723,-0.018841812,-0.023853296,-0.015094948,-0.015523027,-0.013250767,-0.0050510513,-0.011060507,-0.0066716154,-0.0081424555,-0.011186357,-0.0054989276,-0.0193978,0.0007489838,-0.011773515,-0.009873485,-0.0071226726,-0.014930718,-0.0025236653,0.0005990504,0.0005854062,-0.0051258565,-0.005865501,-0.011761439,-0.010259407,-0.025225725,-0.017439166,0.010439537,0.030541785,0.00633843,0.024987495,0.0009842914,-0.0017609075,-0.0054714982,0.018967817,-0.011417606,-0.015576283,-0.005047054,-0.007979417,0.020621466,0.0015261789,0.011084814,9.6132375e-05,0.004956099,-0.0137334075,-0.015222323,-0.00059387553,0.042350106,0.01147018,0.012211628,0.027697457,-0.0058382177,0.0068048625,-0.0009029639,0.026545739,0.01728181,-0.0119304275
swift,-0.047799036,0.028252605,0.01724016,0.022783592,0.0070178085,0.008347122,0.008140076,0.10636342,0.007839142,0.014619972,0.3145246,1.0,-0.015653584,-0.0015178021,-0.006894497,-0.046986535,-0.01879332,-0.0037404879,0.0070105935,0.48491582,0.045471627,-0.02165502,0.0008367791,-0.0014674999,-0.0037546367,-0.0066963364,4.8807656e-06,-0.016334979,-0.0040715607,0.010361159,-0.005955708,-0.014855874,-0.0086527495,-0.017026862,-0.013844477,0.013551852,0.0015761189,0.04956749,0.04323977,-0.04524892,-0.045222875,-0.025660029,-0.0020429792,0.0020829313,-0.0028063713,-0.041053776,-0.036733713,-0.033033356,-0.018834848,-0.013103974,-0.008124605,-0.011286318,-0.010017375,-0.0035878401,0.012108958,0.015370605,-0.004797948,0.01299667,-0.0011289442,-0.01695688,-0.014465392,-0.0017198877,-0.008613824,-0.0060919053,-0.007568523,-0.024626944,-0.010653646,-0.0021811058,0.037315518,-0.022495555,-0.014203713,-0.029841801,-0.02123794,-0.017286493,-0.026112355,-0.011647835,-0.009962716,-0.017974306,-0.009545389,-0.019939866,-0.02305987,-0.016342921,-0.014147231,-0.012399522,-0.0036320258,-0.012481779,-0.00597429,-0.007291396,-0.022079462,-0.011549237,-0.028058985,-0.0016511526,-0.011836205,-0.008841497,-0.0063782022,-0.011947654,-0.0051928945,-0.0036424655,-0.0047037057,-0.004335943,-0.017756917,-0.014592218,-0.017372303,-0.028587304,-0.026751125,0.0044320202,0.0011679167,0.0032419146,0.0017892163,-0.004173819,-0.0015768553,-0.004380549,0.019618617,-0.011549237,-0.007553199,-0.003921967,-0.0014254095,-0.009143104,-0.0010491164,-0.010125899,-0.010070164,-0.0040038484,-0.017778577,-0.021260485,-0.0013937294,0.044862837,0.009473813,0.016653948,0.0055333176,-0.007472832,0.0014125139,-0.025673395,0.0074335122,-0.0085735675,-0.015854854
scala,0.1270676,0.17243116,-0.03115945,-0.0397878,0.049019568,0.0059315558,0.00047129518,-0.017878687,-0.005688381,0.017260157,0.023202825,-0.015653584,1.0,-0.001561547,0.05355094,0.12054504,-0.018910503,0.001811636,0.0071451655,-0.006260293,-0.03702546,-0.019138465,-0.013346395,-0.017596029,-0.0043621464,-0.007779821,0.019533522,-0.0179397,-0.00018983845,0.0058555123,-0.009252942,-0.014038435,-0.018397419,-0.013757415,-0.041513298,-0.0013071204,-0.009233286,-0.01499071,-0.018446615,0.090112835,0.070651054,0.094296105,-0.008118943,0.0065881577,-0.0032604493,0.03829345,0.027695462,-0.001101277,-0.017014215,0.0036428208,-0.009478632,-0.012816304,-0.0087204855,0.0007198747,-0.005832282,0.0030218177,-0.010633143,-0.0028777989,0.0074991584,0.016006544,0.047174577,0.050660517,0.018687394,0.10530674,0.031140659,0.12028,0.075453565,-0.0056242365,0.004012566,-0.0017042013,0.17111218,0.35407788,0.13346662,0.053911723,0.16786598,0.040673494,0.13647169,0.24115479,0.0491612,0.027713396,0.028639771,0.03573087,0.013985857,0.004745244,0.02832998,0.06399204,0.009521192,0.009527401,-0.0061717173,-0.0020143734,-0.009928207,-1.4416307e-06,-0.00679484,-0.0009848675,-0.0074102115,0.0054408745,-0.006033118,-0.0042318255,-0.008473279,-0.0046273847,-0.009817367,0.003957785,-0.0033467826,-0.003652762,-0.010251998,-0.007557599,-0.011582899,0.0008365164,-0.009298524,-0.0065383757,-0.0018319945,-0.0058781286,-0.01123155,-0.0034398185,-0.02132496,-0.016275674,-0.016138159,-0.009184271,-0.009384354,0.00871616,-0.0037292195,-0.0006405849,0.006420403,-0.00054265355,-0.0009778744,-0.008382238,0.035987306,0.0023610266,0.005258437,-0.0049062446,-0.00044830458,0.021118222,0.015552097,0.015053374,0.011390938
php,0.00919768,0.027372107,0.14394724,-0.00028976906,0.0069128517,-0.008097418,-0.006054443,0.0006929998,0.030509397,0.09396918,-0.008190002,-0.0015178021,-0.001561547,1.0,0.00188713,0.033701073,0.01441896,0.05152788,0.0027100868,0.0046568066,0.053222544,0.029213145,0.090107664,0.017266985,0.014727724,0.017804425,0.0021354242,0.13056345,0.052441005,0.010010597,0.019434927,0.0028956076,-0.003283393,-0.018867226,0.02668575,0.043126807,0.39394614,0.022804257,0.03170799,0.017399427,-0.01142359,-0.006998518,0.008369602,-4.311662e-05,0.029526027,-0.0056805885,0.026186876,-0.0066974596,0.012391896,-0.002861741,-0.00716946,0.024592597,0.02221271,-0.0008963183,-0.011684613,0.0042474912,-0.0041620885,-0.004353824,0.018473912,0.023815941,0.18913221,0.02077297,0.023193032,0.0053266105,9.348528e-05,-0.020070644,-0.005864442,0.008913852,0.007340245,0.029253358,-0.0094156945,-0.020585112,-0.016439438,-0.012893383,-0.01600731,0.0086687775,-0.009600125,0.008975572,-0.00800304,-0.019968221,-0.022305442,-0.012317884,-0.014619876,-0.012533567,0.00944685,-0.012592695,-0.0050089615,-0.006113249,-0.015225234,-0.0057883007,-0.018197602,-0.00704791,-0.008022952,-0.0074128835,0.0051876656,-0.009524225,-4.311662e-05,0.0030879169,-0.0034299123,-0.00092721585,-0.016155204,-0.012610681,-0.0092743095,-0.023886248,-0.01713697,-0.009039059,0.012751126,-0.0018934957,0.014666616,-0.0015115326,-0.0013220663,-0.00591869,0.0014623875,-0.0018934957,-0.0028386984,-0.0029924454,0.0012780408,-0.005207541,0.009883949,0.0019236952,0.036363475,0.0009082792,-0.008975324,-0.00822256,-0.004234412,0.00278427,0.019420883,0.014615612,0.002714029,-0.0019277327,0.015798004,-0.0037038357,-0.0033906763,0.0051497975,-0.0015651932
r_lang,0.080338314,0.007619766,-0.004708516,-0.011740482,-0.016856303,-0.00843908,0.0025938812,0.005812827,-0.00041134882,0.0029447277,-0.011730711,-0.006894497,0.05355094,0.00188713,1.0,0.061193384,-0.005475447,0.016602464,-0.00274572,-0.0030231944,-0.0139344055,-0.0085645905,-0.009791805,-0.008593919,-0.0017565483,-0.0031327768,-0.002875213,0.0037239767,-0.009539576,-0.0042600376,-0.003027837,-0.0032977685,-0.00539687,-0.019848004,-0.0006216915,-0.0022143854,-0.0037180576,-0.011812341,-0.012970914,0.0151953,0.024062255,0.007616492,-0.0040357974,-0.0024294148,-0.0013129171,-0.01082348,0.0009228661,-0.012235802,0.00164134,-0.0076643447,-0.007253586,0.001564745,-0.00071794156,-0.009798145,-0.0029728354,-0.005772958,-0.0022745414,-0.0024294148,-0.0023144453,-0.0020483606,0.010049792,0.00069268636,-0.011004595,0.0036237736,-0.0056844596,0.029451348,0.0074065,0.00036914632,0.0025944118,0.021944962,0.00594121,0.06180119,0.016787536,0.0111771785,0.0491554,0.019449173,0.0036199363,0.07860266,-0.0002960179,0.08547017,0.06580823,0.09789204,0.04944359,0.033177335,0.029963635,0.03829093,0.0038506687,0.056532435,-0.001874561,0.0049548238,-0.00031010635,-0.003932703,0.0012025029,-0.0041363565,-0.0029839426,0.0027102479,-0.0024294148,-0.0017040707,0.019850029,-0.0024010239,0.016324304,0.0257909,0.0023129089,0.0093445135,-0.0019819285,-0.010077801,-0.0067727235,-0.005403131,-0.00568443,-0.004636477,-0.0007377072,-0.003302603,-0.008025476,0.0049548238,-0.00045235586,-0.0077603464,-0.0077123055,-0.004898977,-0.0037788898,-0.0071197483,-0.005470659,-0.0031760777,0.00040117526,-0.0025632866,0.0060123205,-0.0041253027,0.0055789305,0.0046030693,-0.004780695,-0.0074303364,-0.0050703962,-0.016851708,-0.013560495,-0.0053567723,0.00082311925
sql,0.096671805,0.13853255,0.12929524,-0.016101187,-0.045449235,-0.052634552,-0.12873206,-0.0959297,0.215848,-0.002239302,-0.057390824,-0.046986535,0.12054504,0.033701073,0.061193384,1.0,-0.035590272,0.013523662,-0.016335193,-0.025740279,0.051058665,0.16238502,0.04299255,-0.023225421,0.004720878,0.012973491,0.015735516,0.10556285,0.023804065,-0.003212,0.013410745,0.0371376,0.027980149,0.119874835,0.26213726,-0.0047637084,0.0024048393,0.011106658,0.13666984,0.11876392,0.19984633,0.0651633,-0.012480569,0.002994538,-0.0024836995,0.020469682,0.06375121,-0.018148033,-0.04817986,-0.022581372,-0.035193663,-0.022735499,-0.010808111,0.05884604,0.0029684184,-0.017960645,-0.009248282,-0.0018126913,-0.006170801,0.12474161,0.12643294,0.090147905,0.039867267,0.06905164,0.04434421,0.20435622,0.10878817,0.09623098,0.014191358,0.4160872,0.13964137,0.19350432,0.16581245,0.14833102,0.17207454,0.012631178,0.02410055,0.10336878,0.015743058,-0.020425068,-0.033490237,0.025634142,0.07752908,0.050603423,0.02969666,0.036811177,0.013413067,0.00815967,-0.014676372,-0.0017345074,-0.004584819,-0.011002334,0.007681502,0.0037924494,-0.0062632035,-0.013292114,0.0102053825,-0.0010607342,-0.01320518,0.008079525,-0.0012795095,-0.016771274,-0.009313962,-0.033019986,-0.03993072,0.026129277,0.0069614453,0.0042376984,-0.0021426287,0.005326252,0.013377972,-0.0117902905,-0.005087656,0.0064094095,0.0710047,0.006580973,0.0028532685,0.08126989,-0.01105915,-0.020341137,0.007857094,-0.012787684,-0.021863071,-0.029040642,0.011446751,-0.010902747,0.15955538,0.098094776,0.04853925,0.03645185,0.04280663,0.12072055,0.10204643,0.070453495,0.07141777
bash,0.23058707,-0.009799041,-0.04584618,-0.007636291,0.06512978,-0.0013284832,0.0063843047,0.023579728,-0.028290179,0.09682894,-0.03715526,-0.01879332,-0.018910503,0.01441896,-0.005475447,-0.035590272,1.0,0.13525018,-0.009507001,-0.0173552,-0.0760671,-0.04166491,-0.015377038,-0.028857486,-0.0060820137,-0.010847177,0.00380816,-0.019801669,-0.011636206,-0.015404788,-0.0024433192,-0.008383193,-0.024032172,-0.02735869,-0.026712278,-0.0129251,-0.006784846,-0.032249797,-0.046227783,0.1231698,0.09480035,0.08328975,0.0042660455,-0.0037599965,0.01695496,0.19855821,0.19583753,0.28766418,0.32019144,0.14466263,0.12272796,0.18907307,0.16581959,0.18885303,0.1371813,0.066625886,0.20450304,0.012521317,0.05057436,0.013213022,0.022828387,0.016513938,0.0026196765,0.001970848,0.01098287,-0.02627429,0.0036209328,-0.0051964326,-0.0022718192,-0.021872925,-0.00360775,-0.0017611507,0.009975219,-0.01700321,-0.013217782,0.09016775,-0.017868303,0.023600692,-0.011655412,-0.021409666,-0.025207218,-0.013775391,0.004709867,0.005940212,0.03518066,0.0016308432,-0.007655083,-0.0018605414,-0.02905128,-0.015555989,-0.038179334,-0.009298071,-0.014045195,-0.012952864,-0.010331842,-0.018929452,-0.0014340945,-0.0059003113,-0.018453889,-0.006691943,-0.032664202,-0.02077051,-0.01785444,-0.049079053,-0.046673704,-0.012780753,-0.017244535,-0.0039977604,-0.020663528,-0.012385955,-0.0025542965,-0.011435198,-0.023513338,0.024372438,0.0030647663,-0.011410396,-0.018556569,-0.008143767,-0.010088636,0.13993281,0.082775295,0.029957153,0.2190761,0.23477238,0.10548703,0.009054361,0.017281644,0.019201806,-0.018852439,-0.0072931065,-0.0130805,-0.0058763046,0.15898016,-0.02202841,0.022076128
perl,0.09540651,0.06057708,-5.280408e-05,-0.0068566334,0.0018037681,-0.0022554775,0.09065632,0.05583663,0.019358538,0.13595538,-0.017883329,-0.0037404879,0.001811636,0.05152788,0.016602464,0.013523662,0.13525018,1.0,0.0034382094,-0.0029661972,-0.03714477,-0.0017826848,-0.0044681053,-0.01325182,-0.0029684498,0.0017893036,0.010572296,0.00420495,-0.01935915,-0.0077556414,-0.008170227,-0.0079022,-0.015901595,0.0035269898,-0.020406477,-0.0032234779,0.005663321,-0.012895818,-0.01672791,-0.008631997,-0.006961101,-0.01381619,-0.0068202293,-0.0041055493,-0.0022187426,0.002206195,0.010345333,0.01737334,0.08595026,0.01068541,-0.0030003674,0.08572965,0.06502468,0.059054032,-0.014787608,0.007624475,0.030879714,-0.0041055493,0.0008784201,0.004065944,0.020342207,0.008045103,-0.012059136,0.024034787,-0.0069972514,-0.0059009255,-0.0030826225,0.006904578,-0.0019529385,0.005516403,-0.006763352,0.00074503,-0.013840224,-0.014492825,-0.0074108415,0.0076823733,-0.0071148826,0.0279391,-0.0025672005,-0.011104146,-0.008813946,-0.005593225,-0.005531535,-0.002224245,0.007914707,0.00722628,-0.004723328,-0.005764644,-0.018122258,-0.009130931,-0.022094097,-0.0066460064,-0.009357811,-0.0069901673,-0.0050426647,-0.010570555,-0.0041055493,-0.0028797663,-0.0101944,-0.0056853453,-0.01567893,-0.015511127,-0.010642379,-0.028228393,-0.018641308,-0.006170181,-0.009965207,-0.0050077075,-0.012164659,-0.0030378094,-0.0012466761,-0.0055811796,-0.010766797,-0.0050077075,0.0075761005,-0.0073368526,-0.013033284,0.009723525,-0.0034472318,-0.0063644894,0.011119616,0.019088201,0.013535712,0.004193307,0.039039247,-0.0069714873,0.0334479,0.017162452,0.014219606,0.0160769,-0.008568632,-0.016163263,0.015688432,-0.0057423348,-0.011660551
elixir,-0.0012798012,-0.0112428935,0.0113125155,0.015171763,0.024986953,0.01962421,-0.0074463584,0.0058494504,-0.00935774,0.034142766,0.007940939,0.0070105935,0.0071451655,0.0027100868,-0.00274572,-0.016335193,-0.009507001,0.0034382094,1.0,0.0075414255,0.018213572,-0.0064017647,0.0054614563,0.010415074,-0.0009813965,0.02999185,0.009918522,-0.0020265453,0.0079099005,0.0012132042,-0.001470541,0.008104718,-0.005257212,0.0012194725,-0.008600681,0.018717434,0.015767505,0.03651731,-0.0048598167,0.000619967,-0.0119233355,-0.005605611,0.005969221,-0.001357332,-0.0007335365,0.008848301,0.0067534326,0.0032739663,0.0022770998,0.001623446,0.0051662936,0.0040347446,0.008365065,-0.0028567412,0.0011014504,0.031389758,-0.007106101,-0.001357332,-0.0012930977,0.043238483,-4.890771e-05,-0.0064643114,0.0066190995,0.0038317821,-0.0029884123,-0.006224705,-0.0014123559,-0.0033131985,-0.0017904463,-0.010393843,0.0037145175,-0.0025007082,-0.004565108,0.0069539277,-0.0027061966,-0.00066743005,0.0055721803,0.00065402145,0.049570397,-0.00677885,-0.0048926016,-0.0042717545,-0.004557838,-0.0039074183,-0.0021513782,-0.003925852,-0.0015615752,-0.0019058438,0.00032270752,-0.0030187692,-0.007846772,0.006241006,-0.0030937775,-0.002311013,-0.0016671509,-0.0034947218,-0.001357332,-0.0009520769,-0.0039000215,-0.0031760961,-0.0035505814,0.00062267954,0.0029839745,0.005282072,0.0026339926,-0.0036355886,-0.0011877511,-0.0030187692,-0.00030787606,-0.0025904342,-0.00041216248,-0.0018451888,-0.00030787606,-0.0030187692,0.00012248357,-0.004335763,0.0043736557,-0.00579801,-0.0021112938,0.009890014,-0.0030564978,-0.0017744981,0.011278715,0.010204355,-0.0058082,-0.002304837,-0.009524621,-0.008754987,0.00019844245,-0.0041513843,0.0037255979,-0.0039006127,-0.0046801055,0.010718318,0.0052195326
objective_c,-0.033270404,0.038177777,0.023128755,0.003810166,-0.0054635974,-0.005271214,0.031525623,0.19661911,0.0053219427,0.032780398,0.16031496,0.48491582,-0.006260293,0.0046568066,-0.0030231944,-0.025740279,-0.0173552,-0.0029661972,0.0075414255,1.0,0.024656592,-0.0124368295,-0.0047829933,-0.002600423,-0.0021770517,-0.0038827378,0.0068895663,-0.009012106,-0.00040070995,0.024539465,-0.0014210736,-0.009910709,-0.011662179,-0.0072364626,-0.008963845,0.001260982,-0.00460813,0.019890232,0.031707782,-0.03174595,-0.032171916,-0.023933325,-0.0050019342,-0.0030109969,-0.0016272187,-0.026590332,-0.022466183,-0.025179686,-0.017468434,-0.010343918,-0.008990035,-0.009816524,-0.007828655,-0.0014491219,0.0018427721,-0.0019223123,0.009282984,0.0031716442,-0.0028685045,-0.019396711,-0.0066522597,-0.0071496293,-0.004413194,-0.00997542,0.00056653185,-0.017826056,-0.007967077,-0.0073497347,0.038249034,-0.01701438,-0.017467031,-0.019178119,-0.013600487,-0.010628991,-0.015939271,-0.007812871,-0.008716952,-0.008519801,-0.0055347043,-0.01503766,-0.016548732,-0.009476118,-0.010110743,-0.008667905,-0.004772445,-0.0087087955,-0.0034640736,-0.0042277714,-0.013290806,-0.0066965963,-0.01740665,-0.0048741596,-0.006862988,-0.0051265666,-0.003698274,-0.007752411,-0.0030109969,-0.0021120114,-0.0064810114,-0.0043892087,-0.014376117,-0.012963278,-0.010676149,-0.02051426,-0.019104458,0.002616312,-0.005877564,-0.00390353,-0.00805289,-0.0024965731,-0.0009143083,-0.0040932195,0.016566759,-0.0066965963,0.0104413275,-0.0057043605,-0.005621029,0.00486598,-0.0007019924,-0.008916405,-0.004021291,-0.003936405,-0.013637585,-0.013668358,0.0077632847,0.016782448,0.012571696,0.017163735,0.014750952,0.013249901,0.008587078,-0.021469641,0.01245626,7.986412e-05,-0.008594951
react,-0.02749878,0.091369204,0.4976848,0.3643989,0.041913155,0.009461135,-0.10715654,-0.06289228,0.07047666,0.050077457,0.055440463,0.045471627,-0.03702546,0.053222544,-0.0139344055,0.051058665,-0.0760671,-0.03714477,0.018213572,0.024656592,1.0,0.30369732,0.28235057,0.28581783,0.027460618,0.065885626,0.06574925,0.08334095,0.35864216,0.09002416,0.12764922,0.08327079,0.093818314,0.1352393,0.109279804,0.092103995,0.03654608,0.21366994,0.19997571,0.11079485,0.03488175,0.031488694,0.028859368,0.037648346,0.0070464597,0.05534532,0.10202438,-0.02250481,-0.05147488,-0.015146919,-0.02167023,-0.034261096,-0.025060825,0.023676326,0.03686441,0.021886954,0.017836347,0.0080723325,0.005575386,0.19382246,0.10391824,0.11032469,0.08726835,0.0119515145,0.06094282,-0.037781335,-0.016201504,-0.0068159634,0.01967403,0.050137144,0.031616293,-0.05750842,-0.040837575,-0.041866675,-0.04745403,0.037323527,-0.016497402,-0.03466406,-0.014572795,-0.044447474,-0.052744158,-0.025974836,-0.009558422,-0.017556101,-0.001119474,-0.025760923,-0.012134948,-0.015253969,0.029746428,0.0073327683,0.012782709,0.0030761925,0.016612738,0.011945622,0.003454419,-0.010021576,0.0066639516,0.01696113,0.036969755,0.0330579,0.036525276,-0.015552762,0.018634776,0.046676602,0.053290013,0.06936583,0.08288993,0.014967763,0.07311232,0.031897467,0.01834606,0.00850071,0.17923786,0.012422765,-0.0012519086,0.08615643,0.052769322,0.039560936,0.06601217,0.0088817505,0.011399607,0.00512912,-0.024976874,-0.031824987,-0.008445112,0.026253242,0.10086169,0.06142782,0.067506105,-0.0010987315,0.039372724,0.13241363,0.09806894,0.07057891,0.06315887
angular,-0.073355824,0.19640377,0.3270518,0.1534432,-0.03186635,-0.034878314,-0.0822277,-0.056844268,0.16906244,0.02489596,-0.025097242,-0.02165502,-0.019138465,0.029213145,-0.0085645905,0.16238502,-0.04166491,-0.0017826848,-0.0064017647,-0.0124368295,0.30369732,1.0,0.29584417,-0.0016504185,0.021772033,0.058289137,0.09042274,0.18707538,0.18952087,0.0447198,0.04694622,0.045456745,0.015889386,0.26720634,0.23814346,0.016008446,0.012223066,0.040550143,0.21432021,0.06866706,0.09503437,0.012029648,-0.016629247,0.008545134,-0.0061186627,0.05428753,0.107657954,-0.021608766,-0.020498546,-0.0021944628,-0.019148653,-0.010013903,0.0061446773,0.093446285,0.005204487,-0.0062682033,0.028451972,-0.0077097453,0.008169908,0.08786847,0.09978047,0.11629063,0.02748891,0.013244917,0.042983174,-0.03441914,-0.013228349,0.046794787,0.01932563,0.16672765,0.05311563,-0.035402887,-0.04297931,-0.036336422,-0.031472053,0.03313444,-0.023336707,-0.008683674,-0.0060311886,-0.027898885,-0.037737314,-0.024611883,-0.02059475,-0.018669803,0.00031958037,-0.011328114,-0.008314153,-0.009458291,-0.02111757,-0.006414323,-0.024881452,-0.0060311216,-0.009878663,-0.0012025792,-0.006549466,-0.019263573,-0.0077097453,-0.0002216758,-0.012875762,0.012306912,0.0026153643,-0.0251864,-0.013289294,-0.042902954,-0.03778147,0.041648496,0.0016289586,0.011535952,-0.0025480965,-0.0016711664,0.014386094,-0.012731455,0.07822348,0.01561556,0.056211907,0.07187586,0.027896762,0.12167165,0.048685793,-0.018243723,-0.0013161337,-0.0065055885,-0.018966278,-0.018052848,0.011868919,-0.014961286,0.19355068,0.13822262,0.11023006,0.03813735,0.035452068,0.1808284,0.099297024,0.03976485,0.060477115
vue,0.0068138205,0.04642746,0.24550606,0.10594567,0.0075751985,-0.00012216569,-0.036166783,-0.030722782,0.05354431,0.042982057,0.0061414964,0.0008367791,-0.013346395,0.090107664,-0.009791805,0.04299255,-0.015377038,-0.0044681053,0.0054614563,-0.0047829933,0.28235057,0.29584417,1.0,0.04115034,0.1209394,0.15910356,0.08392615,0.03388606,0.14186257,0.033414155,0.08838942,0.065809146,0.036115617,0.047827985,0.06864758,0.04121793,0.10534796,0.05481243,0.103726394,0.05778162,0.04055539,0.035081748,-0.0033434136,0.0144388685,0.009327784,0.03677962,0.065187156,-0.0005145184,-0.010539842,0.005093172,-0.00557885,-0.009105095,-0.005804137,0.01880657,0.013845805,0.007810499,0.029109627,0.0010381088,0.0016381297,0.08213669,0.09219038,0.06677331,0.03371781,0.0037541206,0.03945516,-0.018121608,-0.008587622,0.0013657444,0.03320332,0.031013023,0.010947123,-0.022248615,-0.01707537,-0.017101858,-0.016163675,0.022358323,-0.011722639,-0.017145876,-0.01040818,-0.005506289,-0.011562074,-0.005985457,0.0042162067,-0.0010390574,0.0016128307,-0.0046918024,-0.0036011573,-0.0055616847,0.0052626254,-0.0019987943,0.0057975627,-0.0029452294,0.010729533,0.01205305,-0.0014961894,0.001141146,0.0010381088,0.0055748993,0.010781386,0.016978327,0.021926899,0.007402997,-0.0028333564,0.0105785625,0.011990606,0.02625154,0.030367255,0.002541645,0.03363134,0.010325596,0.031343076,-0.0002966431,0.06852229,0.016162964,0.019637115,0.04977668,0.035365723,0.029447429,0.030027034,0.0039500785,0.0051896954,0.0028565708,-0.0035173306,-0.003130478,-0.008246174,0.00027211744,0.072483115,0.03956016,0.024781331,-0.0040417723,0.018803932,0.06072232,0.055191495,0.03496171,0.045017365
