,ai_agent_frameworks,ai_claude_api,ai_embeddings,ai_fine_tuning,ai_generative_ai,ai_huggingface,ai_langchain,ai_langgraph,ai_llm,ai_openai_api,ai_prompt_eng,ai_rag,be_django,be_dotnet,be_fastapi,be_flask,be_grpc,be_microservices,be_nodejs,be_rails,be_rest_api,be_spring,cloud_aws,cloud_azure,cloud_gcp,data_airflow,data_bigquery,data_cassandra,data_databricks,data_dbt,data_dynamodb,data_elasticsearch,data_etl,data_hadoop,data_kafka,data_mongodb,data_mysql,data_nosql,data_oracle_db,data_postgresql,data_rabbitmq,data_redis,data_snowflake,data_spark,data_sql_server,devops_ansible,devops_argocd,devops_cicd,devops_cloudformation,devops_datadog,devops_docker,devops_git,devops_github_actions,devops_grafana,devops_helm,devops_jenkins,devops_kubernetes,devops_linux,devops_prometheus,devops_splunk,devops_terraform,fe_angular,fe_bootstrap,fe_graphql,fe_html_css,fe_nextjs,fe_react,fe_react_native,fe_redux,fe_vue,fe_webpack,lang_bash_shell,lang_c_cpp,lang_go,lang_java,lang_javascript,lang_kotlin,lang_matlab,lang_perl,lang_php,lang_python,lang_ruby,lang_rust,lang_scala,lang_sql,lang_swift,lang_typescript,ml_computer_vision,ml_deep_learning,ml_machine_learning,ml_mlops,ml_nlp,ml_pandas,ml_pytorch,ml_scikit_learn,ml_tensorflow,mobile_android,mobile_ios,practice_agile,practice_devops,practice_kanban,practice_scrum,practice_sre,practice_tdd,security_devsecops,security_oauth,test_cypress,test_integration,test_jest,test_junit,test_playwright,test_selenium,test_unit_testing,tool_claude,tool_codex,tool_copilot,tool_gemini
ai_agent_frameworks,0.0,0.12284071601768808,-0.0008801657957986273,0.05480060264334117,0.06944180904383715,0.06869587346522844,0.051064464328922206,0.0,0.09802881787340258,0.09237380053356682,0.03874305526800602,0.059752980221145495,-0.0020183123053422,-0.006080599233113703,0.08454094785058033,-0.0017536461789855594,-0.0015858980187397876,0.004754434698345815,0.0009226476026686546,-0.0017091108302286274,-0.003301481423878168,-0.005113744474475596,0.002949196878216764,-0.00581228346713935,-0.0023054361210670627,-0.002693827100426615,-0.0016164753584711317,-0.0033058978069884382,-0.0026320140457670236,-0.0014429183457980524,-0.00263472957079471,-0.0026320140457670236,-0.004323571091168794,-0.0037021413004723397,-0.005313752224705788,-0.004382857355284194,-0.004847150924355092,-0.006583285284245118,-0.004977099461107848,-0.005008402313404357,-0.0016718175356289148,-0.0032570241008435113,-0.003486889774827935,-0.004771443619383936,-0.004983371980559997,-0.004460338121301463,-0.0010976632976182486,-0.009408562936101457,-0.002504140569173604,-0.001921808628631795,-0.008429395072532545,-0.009551912703181547,-0.0024726476621189626,-0.002221564362277865,-0.0019616755012038865,-0.005823869913594633,-0.00880975478397833,-0.008816514103608791,-0.0021862455530215043,-0.0028391090215413735,-0.005483618189751925,-0.006412324582416452,-0.002440773839233806,0.00905123468537703,-0.0072368284633558344,0.019395828786059714,0.00763807677474418,-0.0019034218806625028,-0.002123925438447183,-0.003138805005547726,-0.0020460665428884083,-0.005291305343407506,-0.002452409328594536,-0.0037001427531480934,-0.012460171448002863,0.0012270173558099602,-0.00301163133377329,-0.003009230378124512,-0.002764753537109503,-0.0030545551875583907,0.012035705134841384,-0.0034657817214702445,-0.002411454357640996,-0.004598813236858882,-0.008593140843114494,-0.0025854442657868553,0.012202024387365834,-0.0027931719565587295,0.022469915038668107,0.03962324103837412,0.017126760704883254,0.02632117859010196,-0.0019508804187748443,0.03754379845726167,-0.0016379760124774585,0.021298416487300038,0.0062197802449422135,0.00730695462116806,-0.009763649629371936,-0.00827891030994849,-0.0020460665428884083,-0.005807046355709215,-0.003369355852210176,-0.003935609096887194,-0.002963276195220028,-0.0018923072673750197,0.02290562796173107,-0.00444321461924052,-0.0017656031846353163,-0.0026724774800452196,0.03874305526800602,-0.002709736940013003,-0.006179421962098899,-0.00020352746516298233,-0.0001661765360909098,0.07494376310462737,-0.0006439183721017502
ai_claude_api,0.12284071601768808,0.0,-0.0006499879430676195,0.024187816808789488,0.04688481782473045,0.09332171210920294,0.1396210251443448,0.0,0.11481783002287645,0.3146756759664941,0.05300496210562732,0.16295497692629413,-0.0014904903940593324,-0.004490422380665164,0.057178246437013046,-0.0012950388190363167,-0.0011711595656592945,-0.005054456619911365,0.004791650046991018,-0.0012621501975169456,-0.002438089653137908,-0.0037764160663865025,0.011861295542791741,0.010324886838893314,-0.005641049304334891,0.016151235394557623,-0.0011937404274143485,-0.0024413510793230035,-0.0019436990211382844,0.0323602204275598,-0.0019457043916440684,-0.0019436990211382844,-0.003192886037687367,-0.002733970372770819,-0.003924118495622287,-0.003236667967238001,-0.0035795411206602937,-0.004861647749730116,-0.0036755059746818356,0.006496604262169527,-0.0012346097137094746,-0.0024052586523292826,0.011612674957220794,-0.0035236325229071335,-0.0036801381269831587,-0.0032938862367632013,-0.0008106062657801117,-0.006948068760738323,-0.0018492665648662861,-0.001419224018311859,-0.006224969421276278,-0.0070539302026261744,-0.001826009571723202,-0.001640588690360432,-0.0014486650470627665,-0.00430083200676528,2.405465427844719e-05,-0.006510850449524219,-0.0016145063314574604,-0.002096635249705391,0.005374047443017772,-0.004735396087307603,-0.0018024712785133115,-0.0022204927161672797,0.002175641337375626,0.05585278757892533,0.0011696375167295086,-0.0014056457077829673,-0.001568483953313185,-0.0023179557976291633,-0.0015109864413497195,-0.003907541843504018,-0.0018110638957591384,-0.0027324944784897524,-0.009201631384015087,-0.0026845290162707995,0.014076349560776628,-0.0022222670694888604,-0.0020417249491547825,-0.0022557386947150235,0.004709564773222051,-0.002559422716734604,-0.0017808193242754994,-0.003396147828791494,0.0014593753341037097,-0.0019093080056694822,0.012051654560800762,-0.00206271148384087,-0.0021096922701380975,0.030863262236403646,-0.001389183070217947,-0.0018450584615881547,-0.0014406930564937262,0.016170475950994214,-0.0012096183062627315,-0.0022044650999493804,-0.002731017894918272,-0.0025153243220169146,0.0003544289403849177,0.000699910501259788,-0.0015109864413497195,-0.004288408086366171,-0.002488213800507645,-0.0029063824949966417,-0.002188330662321009,-0.0013974377489379315,-0.0010797624794893859,-0.003281240812530818,-0.0013038688707659246,-0.0019735806008832372,-0.0006615165260636317,-0.002001096098372316,-0.0045634013383206735,0.2355895344677512,-0.00012271863482473327,-0.0003471868156661019,-0.0004755231118770082
ai_embeddings,-0.0008801657957986273,-0.0006499879430676195,0.0,0.10469515289575669,0.16977116664941846,-0.0011569284747917515,0.29685462015598724,0.0,0.11537791998045421,0.018934699017537696,0.08588753171661515,0.05220181703351786,-0.004557561828101073,-0.00241059951536885,0.017055950409959754,-0.003959917830449339,0.016368029819910517,0.0051235867175830965,0.010701684704676735,-0.0038593523208606977,-0.0025613014442783075,-0.004987907857789142,0.006025110186542966,0.010109959410003798,0.006407030134729946,-0.006082945405382618,-0.003650171665868597,-0.0025774558408310543,0.006212030603033543,-0.0032582616458660344,0.00012215566337711004,-0.0059433650155444285,0.0016656823264090967,0.009219095073422195,-0.0024826782639439876,0.005154263525932776,-0.0040693228018586014,-0.00955993755713966,-0.004521603001544812,-0.004629238007441883,0.015162272131544736,0.007516237356200034,-0.0032256355316367044,0.01014411967369432,0.0021665573251551367,0.0010389907544203986,-0.002478639372158159,0.007453215277714049,0.0007228652263438037,-0.004339646358784158,-0.0036031235527991838,0.0027982164158684487,0.000872650389930136,-0.005016526386619163,0.003661585363248413,0.0015170931809902488,-0.0070574851512296985,-0.013493968754648575,0.0023405334676148293,0.010540374872114391,-3.3244194511053906e-05,0.001778290147132693,0.0010263477520480553,-0.00678973368974132,-0.0040232478727295394,0.005531775980338825,0.002809214502938525,-0.0042981271447031875,0.010175426547689185,-0.001953787247237467,0.010908152039241163,-0.005580816828505881,-0.0055377986416162706,-0.003958369634381268,-0.006970369026332249,0.004115148312757224,0.019900854187768855,-0.0014508051144053234,-0.00624310477198488,-0.0016288269713146753,0.021093522757307734,0.0015233607499655476,0.007784649109691197,-0.010384604804418692,-0.003741736960228571,0.00034517601817071763,0.002151057941381117,-0.000567622361643283,0.010399800915467184,0.05876725668193401,0.012614354607958561,0.1157979658181436,-0.004405293523833803,0.029616015014102194,0.08325547625668175,0.03634375547719801,-0.008350797133178298,-0.0076912579651701955,-0.0017559979625789688,0.003628359012502287,0.0186723449691488,0.01923523065939834,-0.002807733965424218,-0.004734723740654843,0.015002606272989704,-0.004273029176901545,-0.0033016544618808845,-0.006316722357662642,0.013959298385951495,0.005943094619728689,-0.0020227587375686376,-0.00020932100093651491,9.496139624791813e-06,-0.0004595864593114635,-0.00037524412629768027,-0.0010616139390139548,-0.0014540355252931722
ai_fine_tuning,0.05480060264334117,0.024187816808789488,0.10469515289575669,0.0,0.22409405983685896,0.05503660418756326,0.11495798962349194,0.0,0.25642299264993107,0.03500632727102618,0.22627800428929068,0.18522229855734518,-0.002425992611023737,-0.01891389514807354,0.022572521597895155,0.0041819283147624025,-0.0030264248471145025,-0.021177307815370097,-0.016843216633854435,-0.008297391785713308,-0.006857649023839558,-0.010998090528836308,0.04092059522582887,0.04274125941543892,0.024975629782886484,0.014763974013255346,0.0013234285739926227,-0.0046009734832574865,-0.004236239641054454,-0.0018749265857021492,-0.007102307942415394,-0.009930681614450447,0.01827285199425849,0.01496765212274991,-0.0049926459359307925,-0.015989610932060524,-0.018700108595010975,-0.02201806968721954,-0.010002159304478588,-0.011796775253392339,-0.008116340287588725,-0.008845607279926103,-0.0016855806403130128,0.009501313785533535,-0.0037616492002430103,-0.011243793419612137,0.0013997424664870548,-0.019747999394531156,-0.009169443086260257,-0.009329997123000687,-0.013039265762125572,-0.01878535651941062,-0.005955182064117036,0.0026400511100529082,-0.001942517025309532,-0.015904980655989935,-0.013705685696707328,-0.028778743247417665,-0.0003861797881664404,-0.003195014974931157,-0.015051269764080904,-0.01970597364051104,-0.005723871502911576,-0.01209196688079167,-0.024746015504923204,0.009310738405754098,-0.024480379017542818,-0.005336447323366351,-0.006804388338455262,-0.010428051002242094,-0.009933244483456987,-0.012264782522040761,-0.011905957564826245,-0.013843780098228103,0.001481153973648653,-0.03655578905799321,0.00038972678197951366,-0.014609212567817623,-0.010706909618236343,0.08389955961037657,0.0666256883961363,-0.014635705711452219,-0.002410359135520018,0.04181584999479752,-0.02225139260939206,-0.012551815618937796,-0.020446747039907388,0.1020605842772977,0.09927916857610324,0.15781447409449095,0.10145927959317068,0.1974686127855534,0.009584257690691884,0.1792274463114983,0.055414225509470255,0.15454714311387685,-0.013831996752041806,-0.014309683765297836,-0.04130518567099706,0.019416250096723632,0.008253224923609009,-0.014415550999758124,-0.009610696806794656,-0.011325686198153271,-0.0042231210624366885,-0.0013331803340253074,-0.007098372559353324,-0.016347675707714074,-0.00857165088531012,-0.007363086585651049,-0.0043488182311996896,-0.007618333804934855,-0.014300540309739141,0.07137409737937996,-0.0008067538986658695,-0.002282410633919183,-0.0031260951114751496
ai_generative_ai,0.06944180904383715,0.04688481782473045,0.16977116664941846,0.22409405983685896,0.0,0.09251303826085877,0.2708951329648177,0.0,0.3594479012710831,0.10583284446692481,0.31458193244423016,0.17474170225231309,0.0035581939137778996,-0.018736282002693512,0.0292582421255096,0.002982015258078746,-0.0037382747547077327,-0.01355347323151979,-0.003364711206735699,-0.004686008189063499,-0.010475902181199644,-0.019034376908776154,0.014603227474315675,0.038201758395459966,0.039279933306388556,0.02562122232947165,0.004690295566263659,-0.010506823280179465,0.024141490034603894,-0.0025707722142350917,-0.005482768552291588,-0.00546077484799414,0.0030701339650004355,0.0023683008188298436,-0.003446336343916088,-0.017538815255007875,-0.014268454429883413,-0.017406658117927132,-0.02113139588256125,-0.002090409857906511,-0.008596678605891193,-0.01016336020530019,0.00265124030411647,0.012514374686547612,-0.018197607498294396,-0.016375913690971095,0.007075212680395127,0.0051726129071556475,-0.004405019324581403,-0.009882161641617789,-0.012109405229473283,-0.010454504486728416,-0.006997264010298522,0.001265686544000963,-0.010087161698873056,-0.020854323919628766,-0.010252317450295291,-0.03870813781499702,0.0016472088988568603,-0.014599026069011686,-0.009059022035272878,-0.02457431224227627,-0.012550740615163376,-0.003620423107591085,-0.024122167201154697,0.0037216157397475342,-0.014277891451575778,-0.009787614862719417,-0.0042923216401134865,-0.007047121065602782,-0.01052111016939516,-0.0145210281743562,-0.006847465281205367,-0.0034513501674939464,-0.006277653799212568,-0.023603688494326598,0.005795247517934744,-0.015473809707402754,-0.014216681591445433,-0.011041087037582083,0.09058081062554597,-0.017821449376318344,0.005174126723221841,0.01464210789030888,-0.028759827915173317,-0.013294652635673377,-0.01433634729437912,0.06188021544091539,0.1121514147900418,0.1573805737794156,0.1583189527092282,0.22205020917683685,0.004376854332080281,0.220592361442214,0.1413074832474399,0.17303722831480822,-0.013172631628342469,-0.011202269024830812,-0.036008596984140696,-0.002045481532842329,-0.007083240003858538,-0.011630866322681578,-0.00882302981256535,-0.014721629250654714,-0.008033171754179379,-0.00973046223916752,-0.007518465879375656,-0.014619411068709441,-0.009078935230894022,-0.013742187462334564,-0.004606188420442722,-0.013933779903223522,-0.014463641371162418,0.06734818359925661,-0.0008544989164002415,0.07163905040696449,-0.0033111025428411945
ai_huggingface,0.06869587346522844,0.09332171210920294,-0.0011569284747917515,0.05503660418756326,0.09251303826085877,0.0,0.07786176151582838,0.0,0.09507100702616471,0.17618783937155408,-0.0011774484645613139,0.045146349245327455,-0.00265295809973421,-0.003137262085391311,0.031390906852991556,0.028691224005569584,-0.0020845738209255057,-0.00016992307271049284,-0.0075664310914686245,-0.002246530137282067,-0.0043396117941790005,-0.0010948098264428874,0.007142253562524037,0.013356597071166829,0.010252245038395315,0.006655591241078971,-0.002124766015609093,-0.004345416881584407,0.0069676530114716785,-0.001896635076052317,-0.0034632039535942663,0.0069676530114716785,0.00738885202243997,0.002673623603495181,-0.00154235128293772,-0.00576101968456732,-0.00637130748862067,-0.00865335853696732,-0.006542117537300613,-0.0008527206687259108,-0.002197510197348982,-0.004281175141474108,0.019340562371129237,-0.0002902627678018756,-0.0007945084602093663,-0.005862863797212847,-0.0014428167179526576,-0.001816156031769463,-0.0032915520498378857,-0.0025261094400370215,0.004048601154373395,0.0013799953287140683,-0.003250156393361114,-0.00292012150616436,0.011303363565216154,0.002410997780134481,0.006771771907000609,-0.0042518906175726835,-0.0028736969162524717,-0.003731849255831404,0.013979416436475699,-0.008428640302107377,-0.0032082600444319365,-0.003952306006289029,-0.0052856006364868004,0.01382331644953147,-0.006474435997124585,-0.0025019410931346156,0.01005122909793638,-0.00412578278441516,0.010631307102039899,-0.006955123511759894,-0.003223554241302369,-0.004863629707431596,-0.004273607244672677,-0.008478365542691161,-0.003958620139806635,-0.0039554642185358445,-0.0036341131501944983,-0.0040150411333612895,0.027041893271679714,-0.004555575301973072,0.00817936815975818,-0.006044881554552636,0.0015921773968753349,-0.003398421189909788,0.001084273695991298,0.0160231690123219,0.06370203742965602,0.05163225421631442,0.026457133397489046,0.10637369910944003,0.011392869873039762,0.1495554044369558,0.0973031002679314,0.10695396271016609,-0.004861001502404911,-0.004477083555955879,-0.003266798376720604,0.004437352342484557,-0.0026894394852488646,0.002457611731868656,-0.004428828915796707,-0.005173136983478022,-0.003895060027652983,-0.0024873315585901374,-0.0019218940471993607,-0.005840355916064746,-0.002320786162377683,-0.003512821458937272,-0.0011774484645613139,-0.0035617969251481346,-0.0033312427520081713,0.13223734332502968,-0.00021842971785945031,-0.0006179657905971367,-0.000846394513036162
ai_langchain,0.051064464328922206,0.1396210251443448,0.29685462015598724,0.11495798962349194,0.2708951329648177,0.07786176151582838,0.0,0.0,0.183558917978819,0.10465357597838,0.13375821794822057,0.23931540127588702,0.0065447455859995365,-0.007064095864082097,0.02282708571332614,-0.00308433921411899,-0.0027893012327163515,-0.002137909600244385,0.016479474759414577,-0.0030060097744455147,-0.005806695069038032,-0.004786636022036367,0.0043731227417300135,0.027093247579825494,0.007808374961767552,0.00288640791231803,0.00971415700688568,-0.0058144626699228675,-0.004629225798654139,0.011510784543966448,-0.004634001904820925,0.0031677138712899997,0.002170102859985178,-0.006511381672135094,-0.009345907148871362,-0.007708635283893379,-0.004114675059673688,-0.008175427028286242,-0.004445118339726526,0.004046080276436481,-0.0029404177682951487,0.006989890721100852,-0.00016981562278955615,-0.003919433349291747,-0.00446092528658581,-0.007844909617810203,-0.001930586678951163,-0.011288355957703222,-0.004404320009202948,-0.003380105853935827,0.0077988383350215676,-0.011589975026321595,-0.00434892981170517,-0.0039073207362882115,-0.0034502243076421023,-0.010243109794712824,0.0009721145923100307,-0.015506617302541766,-0.003845201484588078,-0.004993467549631153,-0.001723324689495788,-0.00780192438110593,-0.004292869653728809,-0.005288453642058949,-0.006407109963722656,0.00902290320301094,0.0037699717451742743,-0.003347766965703187,-0.0037355919319238345,-0.005520577343420622,-0.0035986525380953477,-0.0011376965519440728,-0.004313334327014,-0.0008671294679929149,-0.01965235386634181,-0.000860159634503908,0.001554029817166735,-0.005292679544363195,-0.004862690007863463,-0.00537239749932162,0.03268168544819611,-0.006095668897868091,-0.00424130210954686,-0.008088461728955266,0.009489975300349389,-0.004547318170817367,0.013473810223059062,0.017177140971707153,0.045416084006869396,0.07474024290136712,0.018323499375898864,0.15139793398692217,0.03831437926324909,0.07158285969992699,0.10867065814288199,0.06383983842664806,-0.00650434988043467,-0.005990641615204333,-0.010813659864690128,-0.003105999491034731,-0.0035986525380953477,0.0011043088169899488,-0.005926073632085124,-0.006922008335794718,-0.005211854637900542,-0.0033282184170716814,-0.002571624655932473,-0.007814792545436934,-0.003105369375077868,-0.00470039349404088,-0.001575505947878933,-0.0047659259913329,-0.010868460072895178,0.09872172749649101,-0.00029227378525589873,-0.0008268801633150348,-0.0011325332952363168
ai_langgraph,0.0,0.0,0.0,0.0,0.0,0.0,0.0,0.0,0.0,0.0,0.0,0.0,0.0,0.0,0.0,0.0,0.0,0.0,0.0,0.0,0.0,0.0,0.0,0.0,0.0,0.0,0.0,0.0,0.0,0.0,0.0,0.0,0.0,0.0,0.0,0.0,0.0,0.0,0.0,0.0,0.0,0.0,0.0,0.0,0.0,0.0,0.0,0.0,0.0,0.0,0.0,0.0,0.0,0.0,0.0,0.0,0.0,0.0,0.0,0.0,0.0,0.0,0.0,0.0,0.0,0.0,0.0,0.0,0.0,0.0,0.0,0.0,0.0,0.0,0.0,0.0,0.0,0.0,0.0,0.0,0.0,0.0,0.0,0.0,0.0,0.0,0.0,0.0,0.0,0.0,0.0,0.0,0.0,0.0,0.0,0.0,0.0,0.0,0.0,0.0,0.0,0.0,0.0,0.0,0.0,0.0,0.0,0.0,0.0,0.0,0.0,0.0,0.0,0.0,0.0,0.0,0.0
ai_llm,0.09802881787340258,0.11481783002287645,0.11537791998045421,0.25642299264993107,0.3594479012710831,0.09507100702616471,0.183558917978819,0.0,0.0,0.12011933477220677,0.26967390571170186,0.14868696536335105,0.006629601924595978,-0.019964840933260588,0.062062947705513016,0.011234417186255783,-0.0030974816969812366,-0.03119947865811951,-0.025421257169493627,-0.0010964589962674626,-0.012522519346462712,-0.031722789898311725,-0.017006294926048268,-0.007324656286942054,0.009826754161212694,0.010181850820479654,-0.003426763763485653,-0.019522643432491715,0.03067716609989058,-0.0014826767030322592,-0.008299037680547915,-0.008272962722760818,0.1553004185828763,-0.00972912622922737,-0.016106594705987864,-0.021491072555931457,-0.025055474652217084,-0.024396053850393777,-0.02722845497161891,-0.007239424887246441,-0.01075276996145537,-0.01388896816809968,-0.005877782212722061,0.016480579098346774,-0.026079630237992604,-0.027369295644437946,-0.007059933684677767,-0.011614067618404392,-0.01156483311378594,-0.012360658775985323,-0.025960398540888916,-0.03179368395058262,-0.0113062577718468,-0.011737806019322106,-0.006855472739261329,-0.024924167427623104,-0.02086358444916983,-0.04985432679298858,-0.014061460063613673,-0.018260537142076753,-0.012186013597052552,-0.03448946681853535,-0.015698531126691603,-0.00981802372196341,-0.03514268509886667,0.022416932182514705,-0.0133059774725527,-0.0033405942259909253,-0.010995417944159997,-0.01653233583709268,-0.013159858891677959,-0.023830676344926728,-0.013456342778790624,-0.006578218388333805,-0.031157653530905046,-0.03895727422952885,-0.007962068191337416,-0.01745192376904294,-0.01778229869653508,-0.01589453142454205,0.048762130550303505,-0.018962390252016702,0.003331570269969084,0.020452504436212063,-0.04070217561067844,-0.01222597300143135,-0.012404942379718804,0.06990711494231854,0.34359644485378443,0.15402531164501337,0.1319868201984841,0.509604436775027,0.030898815296942852,0.15213199758706047,0.06170271171827419,0.1188580330737054,-0.022219389252372695,-0.018523417179614244,-0.0492862053567726,-0.031788951662651894,-0.013159858891677959,-0.028973527220183724,-0.019961761280158214,-0.01939947546256115,-0.015197201798027785,-0.00918653565802888,-0.005555898945804642,-0.02460811822792539,-0.0017716558493778825,-0.015056513008464723,0.0004984500717301301,-0.015324414720901276,-0.0347732401131134,0.08118415199672344,0.06628540847541176,0.02079541415997331,-0.004141544146778112
ai_openai_api,0.09237380053356682,0.3146756759664941,0.018934699017537696,0.03500632727102618,0.10583284446692481,0.17618783937155408,0.10465357597838,0.0,0.12011933477220677,0.0,0.059139584659057505,0.09154287353799269,-0.003945984110271234,-0.002087121961839914,0.04208897149027934,-0.0034285377634566,-0.0031005748544930046,-0.01041180043614293,0.005845651618657467,-0.0033414671064155204,-0.0008052361870163346,-0.009997835511807357,0.013273669529560453,0.040848129149344034,0.0041818319895526364,0.0015941953172012556,-0.0031603563344923505,-0.006463330864122707,0.015902707357731298,0.009820789604508108,-0.005151135923662197,-0.005145826825272453,0.0003427050034842513,-0.007238022929838839,-0.0067269398014155254,-0.008568884724014285,-0.00947662087624681,-0.0006207114410798818,-0.009730682083633852,0.0017757978331637446,-0.003268555323872938,-0.006367778323840666,0.003914541531556513,0.006770495845113321,-0.0019970966681348203,0.008381741058080082,-0.002146031572698141,0.0171020709094413,-0.004895822549211111,-0.003757310645875223,0.0038787944149323546,7.854882259694826e-05,0.010071884345205059,0.003927363352780406,-0.0038352540074051964,0.0021601622992729105,0.007472635423590876,-0.007363541385886966,-0.00427430888199997,0.0009722533444008153,0.014227468960895382,-0.012536677720857918,-0.004771934829357023,0.00029568066806987567,-0.002772350353361414,0.03988393605026462,-0.00221784176125168,-0.0037213628814314606,-0.004152467390368743,0.005716790918753767,-0.0040002461687545275,0.0006811254390177177,-0.004794683269234809,-0.007234115588064117,-0.003998822967680318,-0.004973116334400089,0.0002768877269946408,-0.005883319060580938,-0.00540534460270289,0.00011030410500510725,0.029852387970825577,-0.006775918457412044,0.01819467180522117,-0.008991098112377317,-0.006283881668017768,-0.005054778670170701,0.006606138599936039,0.027668774089284514,0.02683591393707498,0.06837789722039365,0.044986946163987046,0.06152190142169824,0.014968520886151847,0.056545179671556076,0.04141144108030043,0.03146679892225611,-0.002151757207871744,-0.006659170596749519,-0.004962527990219449,0.022468964000660688,-0.0040002461687545275,-0.0011688073246576372,-0.006587397113657559,-0.0076944737043174,0.00046748752673781395,-0.0036996328016474095,-0.002858606539105664,-0.008686888664177909,-0.0034519147969193985,-0.005224936519191548,-0.0017513254100348175,-0.005297782151951654,-0.002409688898784161,0.17791840153423089,-0.00032489024081110515,0.03769635124568956,-0.0012589189779499577
ai_prompt_eng,0.03874305526800602,0.05300496210562732,0.08588753171661515,0.22627800428929068,0.31458193244423016,-0.0011774484645613139,0.13375821794822057,0.0,0.26967390571170186,0.059139584659057505,0.0,0.10384903445943675,0.0030937257007228355,-0.002850624801572271,0.016693996572137514,0.004846371021091198,-0.003644641827268448,-0.01572943990827802,-0.004495748726436913,-0.003927804149877573,0.002030371451350465,-0.011752185061966921,0.020338271328966987,0.03213098841374385,0.04288310002683681,-0.006190836238919002,-0.003714913339077265,-0.007597470506709834,0.005895625069186854,-0.003316052163686735,-0.006055020867539804,0.011867827686814528,0.001294140752118523,-0.008508100063635561,-0.009094783538420683,-0.006375001621260589,-0.011139511364057091,-0.015129419814060234,-0.011438153437409183,-0.008227938425721865,-0.003842098322788663,0.007127663689035072,-0.003445970510700558,0.002738104626416357,-0.0048592670382720474,-0.010250555009566856,-0.002522602033348839,0.006578245914801376,0.0005118728428807879,-0.004416616976092025,-0.008541008142002343,-0.013970297666783744,-0.005682531276896044,-0.0051055025613569276,-0.004508237288105585,-0.0047361236179913595,-0.009735305617233606,-0.020261729123193472,-0.005024334410578015,-0.0065247168290855275,-0.009568466108931578,-0.014736525367291801,-0.005609280243910645,-0.0016545664597102585,-0.014210473179422324,0.0053016209380209066,0.008917474032304015,-0.004374361351881348,-0.004881113034692685,-0.007213465100328023,-0.004702181108411619,-0.012160247725611343,-0.005636020419321514,-0.004182885605068848,-0.01650289765444006,0.004966629395533593,-0.006921200100940021,-0.006915682329129002,-0.0063538362898295725,-0.007019845834173895,0.042606825181995114,-0.007964908762727615,-0.005541899486948796,-0.010568792495352634,-0.016764487687984417,-0.005941755523880413,0.009688139451365556,-0.006419146264976535,0.03207054903690403,0.08848150216849347,0.19451031836244884,0.1073093589915306,0.0035105182856400765,0.16333673002253732,0.07218666942223588,0.15190208238900416,-0.008498911969552566,-0.007827674812191586,-0.021220737421672367,-0.0058649114516642195,-0.004702181108411619,-0.0017867151672305618,-0.007743307025299863,-0.009044645595617455,-0.006810072425356805,-0.0043488182311996896,-0.003360214621179083,-0.006559188668166131,-0.004057632420900385,-0.006141771470239759,-0.0020586356214949953,-0.006227399540049651,-0.008712914402058822,0.07542409098658708,-0.0003818996852198538,-0.001080443371984487,-0.0014798251871034815
ai_rag,0.059752980221145495,0.16295497692629413,0.05220181703351786,0.18522229855734518,0.17474170225231309,0.045146349245327455,0.23931540127588702,0.0,0.14868696536335105,0.09154287353799269,0.10384903445943675,0.0,-0.0030434752888780304,-0.0007026412059725817,0.027067913309415926,0.010868030855270057,-0.0023914244678287415,-0.002625153006579058,0.00461416985625149,-0.0025772208612049844,0.016982585844066592,-0.007711172795463031,0.01725991798332035,0.007949913676101823,0.0061741814725450464,0.01371794851665377,0.012204260870157533,-0.004985065124210049,0.00512237026235036,0.014204920025439426,-0.0039729898689937196,-0.003968895045166794,0.004877421866009231,0.00756505571206267,-0.003267798628149434,-0.006609045597243756,0.002976311494902259,0.0059461627760928415,-0.007505121571164203,0.007436583743862475,-0.002520985153651376,-0.004911366957412839,0.015600587292726805,0.0032352592805459063,0.0025221614899672787,-0.00672588123071472,-0.0016552002943088142,-0.0019221091832748761,0.005763618593471595,-0.0028979544224706907,0.0037767828064387415,-0.002253689625174143,-0.003728581566808203,-0.0033499653256577676,-0.0029580709075145836,-0.008781992816845208,-0.00048422684699269677,-0.013294693163865218,-0.003296707005367189,-0.004281179937624586,-0.0036507553770827664,-0.009669341736258582,-0.003680518047571718,-0.00453408806774219,0.0038282990937416298,0.02543157441312081,-0.001628608301557311,0.009596277738990692,-0.003202732585152357,-0.0047331007424896545,-0.0030853267584994345,0.0063082405555443585,-0.0036980635603497225,-0.005579559221196949,-0.016150661962570142,-0.00870764190832849,-0.004541331645894983,-0.004537711170923193,-0.004169057012514348,-0.00460605784706444,0.02087938309075839,-0.005226159003252699,-0.0036363062982432102,-0.006934692122472168,0.0047330988038109785,-0.0038986710395939304,-0.0013442149135947294,0.012959302072067368,0.029300166748106413,0.07741509233259732,0.07283260594507929,0.09184010859655302,0.021395992140323578,0.07602834399592703,0.011982222690173589,0.04383426589651547,-0.005576544142649865,-0.00513611322024235,-0.007771925996802113,-0.0024665261323543668,0.008528665914294704,4.1134319407780725e-05,0.0021002151627183547,-0.005934626173241772,0.0036442729678401653,-0.002853468411195029,-0.002204798123679019,-0.00670006017455627,-0.002662407422369088,-0.004029911103981314,-0.0013507696582839958,-0.004086095791251336,-0.009318140701723326,-0.0003069053333282323,-0.0002505827169786208,-0.0007089307642072401,-0.0009709843458611695
be_django,-0.0020183123053422,-0.0014904903940593324,-0.004557561828101073,-0.002425992611023737,0.0035581939137778996,-0.00265295809973421,0.0065447455859995365,0.0,0.006629601924595978,-0.003945984110271234,0.0030937257007228355,-0.0030434752888780304,0.0,-0.00783908787730235,0.1122659402981728,0.45174293685245376,-0.0038253392841313583,0.003022081310645764,0.03272935813835287,0.1622804743100566,0.01949140808568926,0.0023674560504170373,0.04582500489894292,0.008045610778465497,0.008301402034718899,0.006960343514574518,0.004543732270585261,-0.006370970599445927,0.018444967136647533,0.0021602630044818332,-0.00563236353946025,0.005080914941844087,0.03457432351361808,0.00015690407642221025,0.01852035571396009,0.07162780141326064,0.05654658265968066,0.020745152473036235,0.00672279076662903,0.13417635446506487,0.007999552648695648,0.0354536607669507,0.0023858731920287568,0.007491093211991568,-0.005148811164696051,0.002964214705585344,0.006949228177890347,0.023401475865010436,-0.007357328017657895,0.004571562553870659,0.0406959229012344,0.044305865866462256,0.0013926693962133874,-0.011503420133476504,0.007633901459021446,0.007257061993616693,0.023061770439826136,-0.006158647649192228,-0.00812017035051667,-0.01470111081816539,0.009621828258089514,0.04186979155558878,-0.001137770756001916,0.007951411441578609,0.026450733124921442,0.04471231396384211,0.08648242187618511,0.012134684100109995,0.015338391263957788,0.05825384199529967,0.00989223801199465,0.0076045067878403715,-0.0069748453818290895,-0.0017566761530653492,-0.030389411893115854,0.047296786863864564,-0.010897410347123963,-0.010881400807301071,-0.009217932736588158,0.028206788332571592,0.12279355226054109,0.0663426594082635,-0.003759400776842803,-0.01589021605969339,0.026210950328815572,-0.005229754397769705,0.0166358695697885,0.003205789319917546,2.83484928740119e-05,0.03146963530023633,-0.0060328615310707625,0.009549609136780395,0.09007171498934946,-0.006086648753963164,0.025509688832238104,0.015332357596271398,-0.0017375518292037466,-0.000919030558390895,0.013475049241199338,0.0022897220560208886,0.047451587326120266,0.013901537738393229,-0.013224390396947196,0.02344680935096906,-0.008188723921934095,-0.009798503202457768,0.011442088388753473,-0.00339413783952065,0.0026959852556397612,-0.011204514519981616,0.0030937257007228355,-0.00623462174774967,-0.0012940846552490076,-0.0010538798606179894,-0.0008604740620791706,0.012276171440112602,-0.0033342556676394033
be_dotnet,-0.006080599233113703,-0.004490422380665164,-0.00241059951536885,-0.01891389514807354,-0.018736282002693512,-0.003137262085391311,-0.007064095864082097,0.0,-0.019964840933260588,-0.002087121961839914,-0.002850624801572271,-0.0007026412059725817,-0.00783908787730235,0.0,-0.006983486751837199,-0.004496724953972258,0.019433831742442485,0.01650618842335683,0.012348679581475444,-0.006146335875713251,0.07698602707563897,-0.04086899012177033,-0.043257574728454866,0.10331459454191662,-0.07800666440714721,-0.04108384002292827,-0.023668918608921754,-0.039203315002221385,-0.025678986195278843,-0.019045492881545764,-0.02093499808210003,-0.01510484135062099,-0.013821202879522782,-0.04385165498802967,-0.042757175836247586,-0.004096808386997067,-0.016343854610021264,-0.04353599996331751,0.08278472145276468,-0.008924624842356163,0.05029861176278082,-0.001416090671076471,-0.041162490248616124,-0.05789175338473878,0.4008864913845292,-0.03619151042391153,-0.0057648396661959,0.054570466339307185,-0.022925510803105495,-0.001252791449051985,-0.04816603274525748,0.1082510744584986,-0.016108266101399555,-0.013126272932186026,-0.012685568507163368,-0.010581324416462949,-0.058254860548898425,-0.06922303000586648,-0.017991221709175376,-0.010329217731396901,-0.029877177181537127,0.21454315074261407,0.17183998650181542,-0.021528456318959402,0.1310364429632031,-0.008651504624672993,0.0765260766083754,0.0032608857387135893,0.0012023587781833079,0.050100835164046204,0.00246615608624217,-0.04427393309282368,-0.027964599222171763,-0.050767952223358545,-0.0635382765134601,0.15214831030607992,0.00876545359464116,-0.030883535980157077,-0.029378516664696954,0.02151489588279074,-0.11778556070611655,-0.019315333163618446,-0.027156154549881288,-0.05749447015159692,0.27709815569725316,0.02714903299593783,0.01439627836821428,-0.0308641687172901,-0.038347240168468806,-0.061104836326621594,-0.026678699771142563,-0.01370261213630288,-0.02400030988655106,-0.03727783621018561,-0.020968110985688498,-0.03890178048728639,-0.0062021929614142985,-0.0012759156546644675,0.05994821806608761,0.12400290243390005,0.024570737278604964,0.08104112287555017,-0.02522745890918582,0.04631171228807486,-0.011056901594038866,0.026162454359814447,-0.0022949622658248185,-0.0017141381555950074,-0.0034163951498238226,-0.025587652956658432,-0.002850624801572271,0.007266564561840891,0.11164309648012416,-0.0031750393907355305,-0.0025923628905912717,0.01382869987166172,-0.010045161198289241
be_fastapi,0.08454094785058033,0.057178246437013046,0.017055950409959754,0.022572521597895155,0.0292582421255096,0.031390906852991556,0.02282708571332614,0.0,0.062062947705513016,0.04208897149027934,0.016693996572137514,0.027067913309415926,0.1122659402981728,-0.006983486751837199,0.0,0.17787872133332053,0.017726468627481007,0.020784213708835486,0.015933033430171044,-0.003646356945213158,0.02402765349774405,-0.003968933822732389,0.01334182657551398,0.021570515705808386,0.02625823114004617,0.013119726013033125,0.006909182020386352,-0.0018810637254995577,0.0329727220708683,-0.003078440109628463,0.007228750469603096,0.02011002997728449,0.014963292624725243,0.0014024486817489545,0.008803344499898922,0.01852153019716231,0.004211006613333252,0.022449243526240652,-0.003510479242960961,0.0741423315249594,0.026492217297253404,0.0297691129172246,0.0073165648226700755,0.015645250125102157,0.00356845670634197,-0.005596909147756549,-0.002341844728840943,0.02331080175014713,0.001406031824048463,-0.004100143838796408,0.021672801202912588,0.01400160886183575,0.0015564699204739455,-0.004739667257591665,0.012938937238627974,0.021722189930240658,0.028744211873035677,-0.002971430960636434,-0.004664315218887796,-0.006057187583048597,0.007902688034125202,0.006390769854246903,0.0017109503366552333,-0.0007553676979399935,-0.0024045949960646846,0.035981626326597016,0.03423133487458454,-0.004060916045623543,0.0033899596189578295,0.015034214879398097,-0.004365245844256576,-0.004550884151383034,-0.005232170804645832,-0.003241396206709031,-0.015384741814369,0.005285273794053158,-0.00642526080585237,-0.006420138410540007,-0.005898551506161429,-0.0065168380690680495,0.056099416525401166,-0.0073941824176407146,-0.005144794117226757,-0.005998713322026937,0.010417240235434834,-0.0055159984292840305,0.02128917822827833,0.018335347903983796,0.02362382660026309,0.036212655698487944,0.02275161707322064,0.021723519556868565,0.0388804423857232,0.03202829430248293,0.0271767004047231,0.02212596301643324,-0.007889921570529217,-0.007266781979746762,-0.007390042019771237,0.01068342185199575,0.0038507288674135345,0.009393768415759755,-0.0021084948511129334,-0.004002641117451349,-0.00058301515479225,0.00483270505273534,0.008317961442227031,-0.0055467367900553155,-0.0037668823583103983,-0.0057016822127240775,0.016693996572137514,0.00047224000902268637,-0.0072733744376480385,-0.00043422215400706026,-0.00035453462454830835,0.03439369613528622,-0.001373788163257664
be_flask,-0.0017536461789855594,-0.0012950388190363167,-0.003959917830449339,0.0041819283147624025,0.002982015258078746,0.028691224005569584,-0.00308433921411899,0.0,0.011234417186255783,-0.0034285377634566,0.004846371021091198,0.010868030855270057,0.45174293685245376,-0.004496724953972258,0.17787872133332053,0.0,-0.007135048727931673,0.00946614808852019,0.017476081795841005,0.04844166858104146,0.06914998526938398,0.006797625933746312,0.03673269729672161,0.00725031109585339,0.0169881101421821,0.041888995057903895,0.027319753641691383,-6.799981159041371e-05,0.018842439545680642,-0.0009630934600466565,0.006538299905394047,0.018842439545680642,0.017091045111189137,-0.007781211920219822,-0.0014861571485473373,0.06956713500509404,0.033735792537349395,0.02395555921451939,-0.005435917038247046,0.07695903896798022,0.02116077049626367,0.04290612294969301,0.005432277351275345,0.010215965226741223,0.008067117224680847,0.006110251252840215,-0.004938451919873049,0.02597524144497453,-0.0016070241717488336,0.05804283869088212,0.0589030059132476,0.05134233291208268,-0.0013461817874717418,-0.0063778929307896255,0.011599169071315306,0.03452175397210977,0.02408784459319199,-0.00836035600332227,-0.0024879675033294734,-0.012773318948153554,-0.0012909134521963163,0.01903088960348917,0.008823179384596942,0.0053736655638568455,0.012218141280113264,0.006552076491747434,0.052640460764374175,0.0040591439041415996,0.013119948051099495,0.04290117020973376,-0.0013656720853363466,0.011555992096447391,-0.007747994471133134,-0.005547900273422004,-0.025782249570509227,0.03419737153598897,-0.008157284148163352,-0.013538704965753276,-0.012438789237956969,-0.005762744081270543,0.11189862077543086,0.026888986285108295,-0.010849275390749319,-0.01523309931987021,0.018062453681857826,-0.011632066250009955,0.021327031035640043,0.0019220396413347411,0.01834058870880296,0.0417930781501554,0.00430628709141038,0.02748170246919561,0.08157986119387063,0.020929019161286987,0.04628611543000942,0.03551117581532531,-0.01219622306579004,-0.012925074840915611,0.011908357154181936,-0.0011831321491776157,0.006474029889697353,-0.006825529119485271,-0.007887959671839952,0.007449533760170517,-0.002379466099098631,-4.991512702304312e-05,0.004335362180346621,-0.003103275675851287,-0.003413365720497803,-0.009000054256180806,0.031475944136592694,-0.012191266322555109,0.004626297742369098,-0.0009156820705055478,-0.0007476380375263476,0.014772651692397621,-0.002897026736566135
